0 0
0.00539632 0.00841901
0.00788038 0.018382
0.019555 0.0227509
0.0259214 0.0304645
0.0406708 0.0290842
0.0432498 0.0415867
0.0600109 0.0360373
0.0590345 0.0539901
0.0716041 0.0545238
0.0986287 0.0165038
0.109829 0.00613441
0.119575 -0.0100925
0.12976 0.00789865
0.134186 -0.0399265
0.140161 -0.0534308
0.159877 -0.00627098
0.160871 -0.0549592
0.158887 -0.0845862
0.142943 -0.125169
0.179281 -0.0886469
0.125679 -0.16824
0.167668 -0.142434
0.119549 -0.196489
0.0689947 -0.229869
0.131011 -0.212923
0.123872 -0.228595
0.0085286 -0.269865
0.0395136 -0.277198
0.0294112 -0.288505
-0.0766623 -0.290039
-0.0134521 -0.309708
-0.056788 -0.314921
-0.151921 -0.292951
-0.127188 -0.315314
-0.207163 -0.282105
-0.24497 -0.263798
-0.246302 -0.276107
-0.28256 -0.254086
-0.345497 -0.18092
-0.353423 -0.187328
-0.390157 -0.126006
-0.419047 -0.028282
-0.418441 -0.0990303
-0.437906 0.0428807
-0.449831 -0.0123235
-0.437706 0.14147
-0.423697 0.203422
-0.412289 0.245801
-0.427019 0.240323
-0.460021 0.195911
-0.424456 0.282731
-0.454432 0.252767
-0.424283 0.317622
-0.274471 0.465044
-0.351445 0.423068
-0.277371 0.486483
-0.183726 0.539578
-0.206047 0.542167
-0.206839 0.552555
-0.0229056 0.599563
-0.0446032 0.608367
-0.00817465 0.619946
0.190275 0.600579
0.159464 0.619816
0.227039 0.609059
0.297029 0.589384
0.336864 0.579157
0.479106 0.482553
0.51693 0.457037
0.602551 0.356275
0.660925 0.259381
0.707181 0.135258
0.644453 0.342901
0.733368 0.09885
0.706065 0.252929
0.747174 0.139039
0.726938 -0.253893
0.752564 -0.205056
0.756782 -0.226673
0.786199 -0.147958
0.611084 -0.531673
0.644756 -0.506645
0.652619 -0.512824
0.484493 -0.686197
0.576137 -0.624953
0.566927 -0.646679
0.210837 -0.844066
0.382594 -0.792478
0.163518 -0.87485
0.120933 -0.891838
0.180591 -0.891901
0.0365861 -0.919272
-0.184965 -0.911421
-0.223643 -0.913008
-0.365762 -0.876766
-0.279314 -0.918468
-0.636112 -0.732299
-0.541337 -0.816918
-0.637944 -0.757052
-0 -0
-0.00692697 -0.00721229
-0.0148289 -0.0134203
-0.0248348 -0.0168295
-0.0374278 -0.0141125
-0.0442204 -0.0233358
-0.0598339 0.00446142
-0.067637 -0.0180345
-0.0799738 -0.00204572
-0.0893589 0.0107228
-0.0921284 0.0388889
-0.108691 0.0169194
-0.0944725 0.0739929
-0.118466 0.0535337
-0.1229 0.067049
-0.0973616 0.114108
-0.0871975 0.134151
-0.117285 0.123061
-0.101096 0.148928
-0.0554897 0.181717
-0.0252069 0.198405
-0.0191611 0.209124
0.0238515 0.218703
-0.0392226 0.226631
-0.0302483 0.238086
0.0468782 0.245566
0.119746 0.230783
0.0399823 0.267023
0.174671 0.218838
0.147512 0.24968
0.135499 0.267656
0.186032 0.247976
0.223596 0.228921
0.227016 0.239507
0.272272 0.203637
0.287444 0.19969
0.336647 0.127549
0.337515 0.151603
0.379969 -0.00487643
0.387549 0.0436534
0.396986 -0.0490098
0.367775 -0.181222
0.415419 -0.061864
0.398872 -0.160626
0.421899 -0.124905
0.325297 -0.310937
0.359747 -0.286674
0.373352 -0.285496
0.245946 -0.412202
0.185369 -0.453584
0.189152 -0.462841
0.232318 -0.454013
0.0327193 -0.51897
0.135209 -0.512463
0.0177969 -0.539707
0.0892336 -0.542713
-0.0403057 -0.558548
-0.0381823 -0.56872
-0.116386 -0.568203
-0.141411 -0.572803
-0.349615 -0.487616
-0.470941 -0.387704
-0.428046 -0.448527
-0.523927 -0.349858
-0.572401 -0.286281
-0.527597 -0.379659
-0.627779 -0.2037
-0.649376 -0.164955
-0.640216 -0.22918
-0.686467 0.0697366
-0.699081 0.0358526
-0.7098 -0.0168677
-0.71865 0.0440655
-0.672021 0.285109
-0.634232 0.381248
-0.681336 0.313498
-0.671913 0.355152
-0.595698 0.487898
-0.61078 0.485127
-0.588034 0.527557
-0.431407 0.673712
-0.250609 0.770256
-0.469453 0.67232
-0.204988 0.804288
-0.00382696 0.839991
-0.0887107 0.845358
0.0947889 0.85476
-0.00831353 0.86996
0.0838633 0.875995
0.342844 0.821315
0.214321 0.874109
0.404355 0.815228
0.660252 0.640677
0.57419 0.731578
0.756571 0.557853
0.601366 0.735431
0.864282 0.417871
0.747891 0.617705
0.847844 0.491487
0.987191 0.0745282
0 0
0.00990265 -0.00139194
0.0194284 -0.00474721
0.0299552 -0.00163862
0.0367696 -0.0157478
0.0494033 -0.0077016
0.0586863 -0.0124869
0.0670841 -0.019993
0.0688359 -0.040763
0.0691451 -0.0576103
0.0641267 -0.0767318
0.0429524 -0.101267
0.077869 -0.091304
0.0767094 -0.104956
0.0684851 -0.122106
0.0240678 -0.148057
0.00977768 -0.159701
0.00274514 -0.169978
0.00290662 -0.179977
-0.0244141 -0.188425
-0.0885837 -0.179312
-0.107762 -0.180243
-0.102342 -0.194746
-0.148846 -0.175342
-0.14693 -0.189767
-0.192502 -0.159509
-0.172192 -0.194808
-0.247413 -0.108106
-0.268552 -0.0792465
-0.239028 -0.164212
-0.255452 -0.157303
-0.304883 -0.0560922
-0.319386 -0.0198097
-0.328075 0.0355888
-0.338994 -0.0261355
-0.339287 0.0859317
-0.310964 0.181388
-0.31677 0.191199
-0.35029 0.147298
-0.27086 0.280598
-0.28209 0.283593
-0.230738 0.33891
-0.229376 0.351833
-0.247298 0.351772
-0.107895 0.426566
-0.24576 0.376964
-0.0903693 0.451036
-0.140125 0.448626
0.0370473 0.478568
0.127039 0.473245
-0.0213641 0.499543
0.194961 0.471264
0.0349482 0.518824
0.282542 0.448408
0.290154 0.455424
0.32281 0.445302
0.434192 0.353662
0.487854 0.294785
0.451525 0.36404
0.457453 0.372608
0.567909 0.193595
0.557347 0.247919
0.618544 0.04246
0.579397 0.247385
0.632953 0.0947148
0.649299 -0.0301897
0.659223 0.0320222
0.669277 -0.0311186
0.667574 -0.1294
0.669983 -0.164995
0.6087 -0.345665
0.568867 -0.424841
0.55919 -0.453549
0.464297 -0.563319
0.567666 -0.474716
0.388386 -0.641604
0.22774 -0.725076
0.129765 -0.758987
0.335288 -0.70426
-0.0597192 -0.78774
0.0793365 -0.796056
-0.204841 -0.783671
-0.2034 -0.794373
-0.261615 -0.787691
-0.304279 -0.782952
-0.288 -0.799722
-0.299465 -0.806177
-0.42901 -0.756869
-0.745524 -0.467541
-0.776686 -0.434579
-0.742736 -0.508275
-0.71882 -0.55803
-0.802866 -0.449228
-0.925795 -0.0883377
-0.89798 -0.277906
-0.920436 -0.235154
-0.941782 -0.186139
-0.969809 0.0192724
-0.976045 0.0879539
-0.926583 0.348631
